    21/249     1.45G   0.04465   0.02611         0   0.01181   0.08256         4       800    0.4467    0.6587    0.6318    0.2911   0.03976   0.03042         0
    22/249     1.41G   0.04417   0.02629         0   0.01166   0.08211        31       800    0.4422    0.6623    0.6351    0.2854   0.03972    0.0305         0
    23/249     1.41G   0.04442   0.02569         0   0.01176   0.08187        16       800     0.465    0.6635    0.6392    0.2922   0.03936   0.03023         0
    24/249     1.41G   0.04392   0.02564         0   0.01156   0.08113        18       800    0.4599    0.6638    0.6404    0.2915   0.03952   0.03025         0
    25/249     1.41G   0.04386   0.02564         0   0.01138   0.08087        24       800    0.4702    0.6697    0.6471    0.2972   0.03925   0.03014         0
    26/249     1.41G   0.04395   0.02609         0   0.01136    0.0814        15       800    0.4747    0.6668    0.6447    0.2959   0.03907   0.03004         0
    27/249     1.41G   0.04355   0.02594         0   0.01124   0.08073        15       800    0.4762    0.6769    0.6565    0.3019   0.03887   0.03002         0
    28/249     1.41G     0.043   0.02508         0    0.0111   0.07918        16       800    0.4795    0.6712    0.6503    0.2998   0.03869   0.02994         0
    29/249     1.41G   0.04338   0.02573         0   0.01101   0.08012        16       800     0.472    0.6734     0.651    0.3012   0.03876   0.02999         0
    30/249     1.41G   0.04331   0.02595         0   0.01095   0.08021        16       800    0.4833    0.6739    0.6537    0.3026   0.03851   0.02985         0
    31/249     1.41G   0.04294   0.02537         0   0.01096   0.07927        19       800    0.4989    0.6746    0.6562    0.3031   0.03852   0.02979         0
    32/249     1.41G   0.04272   0.02547         0   0.01083   0.07902        18       800    0.4933    0.6737    0.6546    0.3023    0.0385   0.02976         0
    33/249     1.41G     0.043   0.02544         0   0.01093   0.07936        16       800    0.4959    0.6783    0.6606    0.3058   0.03837   0.02979         0
    34/249     1.41G   0.04241   0.02476         0   0.01084   0.07802        24       800    0.4964    0.6762    0.6579    0.3053   0.03824   0.02967         0
    35/249     1.41G   0.04265   0.02549         0   0.01073   0.07888        27       800    0.5005    0.6776    0.6593    0.3066   0.03816   0.02962         0
    36/249     1.41G   0.04227   0.02493         0   0.01078   0.07798        21       800    0.4905    0.6766    0.6572    0.3052    0.0381   0.02968         0
    37/249     1.41G   0.04225   0.02551         0   0.01055   0.07831        38       800    0.4943    0.6815    0.6622    0.3091   0.03791   0.02959         0
    38/249     1.41G   0.04214   0.02505         0   0.01058   0.07776        18       800    0.4865    0.6829    0.6609    0.3078    0.0379   0.02958         0
    39/249     1.41G   0.04223    0.0256         0   0.01062   0.07845       124       800    0.4992    0.6852    0.6661    0.3096   0.03787    0.0296         0
    40/249     1.41G   0.04213   0.02508         0   0.01051   0.07772        22       800     0.492    0.6872    0.6665    0.3109   0.03783   0.02952         0
    41/249     1.41G   0.04201   0.02477         0   0.01045   0.07723        31       800    0.5015    0.6892    0.6708    0.3137   0.03767   0.02944         0
    42/249     1.41G   0.04189   0.02501         0   0.01036   0.07727        18       800     0.502    0.6886    0.6702    0.3123   0.03763   0.02941         0
    43/249     1.41G   0.04211   0.02544         0   0.01043   0.07798        24       800    0.5052    0.6882    0.6705    0.3133   0.03759   0.02936         0
    44/249     1.41G   0.04206   0.02509         0   0.01039   0.07754        37       800    0.4953    0.6901     0.671    0.3124   0.03759   0.02944         0
    45/249     1.41G   0.04149   0.02456         0   0.01036   0.07642        42       800     0.505    0.6894    0.6712    0.3126   0.03753   0.02938         0
    46/249     1.41G   0.04181   0.02496         0   0.01039   0.07716        16       800    0.5036    0.6933    0.6746    0.3139    0.0375   0.02932         0
    47/249     1.41G   0.04133   0.02467         0   0.01019   0.07619        12       800    0.5054    0.6952    0.6775    0.3163   0.03744   0.02935         0
    48/249     1.41G   0.04172   0.02484         0   0.01038   0.07694        16       800    0.5055    0.6925    0.6746    0.3158    0.0374   0.02932         0
    49/249     1.41G   0.04148     0.025         0   0.01013   0.07661        15       800    0.5041    0.6925     0.674    0.3159   0.03731   0.02928         0
    50/249     1.41G   0.04144   0.02472         0   0.01016   0.07632        40       800    0.5057    0.6925    0.6747    0.3158   0.03732   0.02925         0
    51/249     1.41G   0.04107   0.02475         0   0.01008   0.07589        15       800       0.5    0.6932    0.6744    0.3147   0.03729   0.02924         0
    52/249     1.41G   0.04137   0.02432         0   0.01002   0.07571        18       800    0.4994    0.6918     0.673    0.3152   0.03724   0.02921         0
    53/249     1.41G   0.04106   0.02504         0   0.01002   0.07612        18       800    0.5001    0.6943     0.675    0.3159   0.03719    0.0292         0
    54/249     1.41G   0.04085    0.0246         0  0.009996   0.07544        19       800    0.5049    0.6945    0.6763    0.3164   0.03713   0.02915         0
    55/249     1.41G   0.04121   0.02529         0  0.009915   0.07642         3       800    0.5014    0.6965     0.677    0.3166   0.03708   0.02915         0
    56/249     1.41G   0.04094   0.02466         0  0.009951   0.07556        18       800    0.5043     0.697     0.678     0.317   0.03703   0.02913         0
    57/249     1.41G   0.04079   0.02444         0  0.009995   0.07523         3       800    0.5076    0.6988    0.6803    0.3179   0.03698    0.0291         0
    58/249     1.41G     0.041   0.02425         0   0.01001   0.07526        47       800    0.5089    0.6985    0.6804    0.3189   0.03693   0.02909         0
    59/249     1.41G   0.04093   0.02486         0  0.009879   0.07567        26       800    0.5067     0.702     0.683    0.3203   0.03689   0.02909         0
    60/249     1.41G   0.04063   0.02416         0  0.009887   0.07467        28       800    0.5067     0.703     0.684    0.3214   0.03686    0.0291         0
    61/249     1.41G   0.04103    0.0243         0  0.009916   0.07524        18       800     0.505    0.7035    0.6846    0.3219   0.03682   0.02907         0
    62/249     1.41G   0.04056   0.02458         0  0.009885   0.07503        61       800    0.5058    0.7036    0.6847    0.3219   0.03679   0.02905         0
    63/249     1.41G   0.04054   0.02453         0  0.009731    0.0748        52       800    0.5056    0.7026    0.6841    0.3217   0.03678   0.02904         0
    64/249     1.41G   0.04091   0.02526         0  0.009877   0.07605        21       800    0.5065    0.7032    0.6845    0.3217   0.03676   0.02903         0
    65/249     1.41G   0.04055   0.02447         0  0.009714   0.07473        15       800    0.5072    0.7038    0.6853    0.3222   0.03673   0.02902         0
    66/249     1.41G   0.04072   0.02477         0  0.009839   0.07533        35       800    0.5076    0.7048    0.6856    0.3227    0.0367   0.02901         0
    67/249     1.41G   0.04085   0.02465         0  0.009685   0.07519        43       800    0.5066    0.7046    0.6856    0.3228   0.03667     0.029         0
    68/249     1.41G   0.04067   0.02453         0  0.009724   0.07493        56       800    0.5066    0.7047    0.6855    0.3229   0.03665     0.029         0
    69/249     1.41G   0.04038   0.02472         0  0.009742   0.07484        25       800    0.5059    0.7048    0.6854    0.3231   0.03664     0.029         0
    70/249     1.41G   0.04008   0.02424         0  0.009772    0.0741        15       800    0.5076     0.705    0.6861    0.3232   0.03663   0.02899         0
    71/249     1.41G   0.04079   0.02478         0  0.009616   0.07519        21       800    0.5055    0.7051    0.6862    0.3231   0.03661   0.02898         0
    72/249     1.41G    0.0404   0.02443         0  0.009572   0.07439        45       800    0.5071     0.705     0.686    0.3231   0.03659   0.02898         0
    73/249     1.41G   0.04044   0.02437         0   0.00953   0.07434        18       800    0.5072    0.7056    0.6867    0.3236   0.03658   0.02897         0
    74/249     1.41G   0.04035   0.02395         0  0.009604    0.0739        18       800    0.5084    0.7062    0.6874    0.3236   0.03656   0.02896         0
    75/249     1.41G   0.04067   0.02455         0  0.009562   0.07478         7       800    0.5083    0.7059    0.6871    0.3238   0.03655   0.02895         0
    76/249     1.41G   0.03987   0.02411         0  0.009476   0.07346         4       800    0.5081    0.7065    0.6878     0.324   0.03653   0.02894         0
    77/249     1.41G   0.04018   0.02444         0  0.009472   0.07409        59       800    0.5086    0.7068    0.6882    0.3244   0.03652   0.02893         0
    78/249     1.41G   0.03986   0.02434         0   0.00958   0.07378        18       800    0.5086    0.7071    0.6883    0.3245   0.03651   0.02892         0
    79/249     1.41G   0.04033   0.02419         0   0.00956   0.07408        40       800    0.5086    0.7067    0.6883    0.3244   0.03651   0.02891         0
    80/249     1.41G   0.03982   0.02444         0  0.009373   0.07362        15       800    0.5095    0.7067    0.6884    0.3245   0.03649   0.02891         0
    81/249     1.41G   0.04017    0.0243         0  0.009437   0.07391         5       800    0.5099    0.7068    0.6886    0.3246   0.03648   0.02889         0
    82/249     1.41G   0.03996   0.02393         0  0.009425   0.07332        31       800    0.5103     0.707    0.6886    0.3246   0.03648   0.02889         0
    83/249     1.41G   0.03996   0.02398         0  0.009344   0.07328        18       800    0.5108    0.7068    0.6886    0.3247   0.03646   0.02888         0
    84/249     1.41G   0.04003   0.02395         0  0.009405   0.07339        15       800    0.5113    0.7067    0.6885    0.3247   0.03645   0.02887         0
    85/249     1.41G   0.03996   0.02421         0  0.009403   0.07357        14       800    0.5116    0.7067    0.6886    0.3248   0.03645   0.02886         0
    86/249     1.41G   0.04001   0.02445         0  0.009415   0.07387        22       800    0.5123    0.7068    0.6887    0.3249   0.03644   0.02886         0
    87/249     1.41G   0.04023   0.02434         0  0.009461   0.07403         5       800    0.5131    0.7069     0.689     0.325   0.03644   0.02885         0
    88/249     1.41G   0.03951   0.02359         0  0.009245   0.07235        17       800    0.5138    0.7069    0.6892    0.3252   0.03643   0.02884         0
    89/249     1.41G   0.03987    0.0241         0  0.009261   0.07322        18       800    0.5145    0.7068    0.6893    0.3253   0.03642   0.02883         0
    90/249     1.41G   0.03986   0.02476         0  0.009327   0.07394        20       800    0.5143    0.7075      0.69    0.3254   0.03641   0.02882         0
    91/249     1.41G   0.03954    0.0244         0  0.009186   0.07312        30       800    0.5141    0.7076    0.6901    0.3255    0.0364   0.02882         0
    92/249     1.41G   0.03961   0.02389         0  0.009253   0.07275        18       800    0.5146    0.7075      0.69    0.3256   0.03639   0.02881         0
    93/249     1.41G   0.03967   0.02437         0  0.009245   0.07329        15       800    0.5144    0.7074      0.69    0.3257   0.03638   0.02881         0
    94/249     1.41G   0.03949   0.02375         0  0.009158    0.0724        23       800    0.5148    0.7075    0.6901    0.3259   0.03638   0.02881         0
    95/249     1.41G   0.03962   0.02427         0  0.009217   0.07311        12       800    0.5156    0.7075    0.6903     0.326   0.03637    0.0288         0
    96/249     1.41G   0.03938   0.02402         0  0.009169   0.07257        32       800    0.5162    0.7077    0.6904     0.326   0.03636   0.02879         0
    97/249     1.41G   0.03966   0.02415         0   0.00918     0.073        18       800    0.5172    0.7078    0.6907     0.326   0.03635   0.02878         0
    98/249     1.41G   0.03961   0.02505         0  0.009235    0.0739        21       800    0.5167    0.7079    0.6906    0.3261   0.03634   0.02879         0
    99/249     1.41G   0.03927   0.02382         0  0.009114    0.0722        29       800    0.5171    0.7082    0.6908    0.3263   0.03633   0.02878         0
   100/249     1.41G   0.03943    0.0241         0  0.009099   0.07263        19       800     0.518    0.7085    0.6912    0.3264   0.03632   0.02878         0
   101/249     1.41G   0.03974   0.02459         0  0.009141   0.07347        15       800    0.5187    0.7085    0.6913    0.3267   0.03631   0.02877         0
   102/249     1.41G   0.03909   0.02417         0  0.009051    0.0723        14       800    0.5195    0.7089    0.6917    0.3267    0.0363   0.02876         0
   103/249     1.41G   0.03908   0.02386         0  0.008979   0.07192        15       800    0.5199     0.709    0.6917    0.3269    0.0363   0.02876         0
   104/249     1.41G   0.03932   0.02423         0  0.009041   0.07259        18       800    0.5202    0.7088    0.6917    0.3269   0.03629   0.02875         0
   105/249     1.41G     0.039   0.02365         0  0.008928   0.07158        24       800    0.5209    0.7087    0.6916    0.3268   0.03628   0.02874         0
   106/249     1.41G    0.0388   0.02374         0  0.008987   0.07153        18       800    0.5216    0.7088    0.6919    0.3271   0.03627   0.02873         0
   107/249     1.41G    0.0392   0.02438         0  0.008987   0.07256        11       800    0.5223    0.7088     0.692    0.3271   0.03627   0.02872         0
   108/249     1.41G   0.03893   0.02396         0  0.008986   0.07189         4       800    0.5228    0.7088     0.692    0.3272   0.03626   0.02872         0
   109/249     1.41G   0.03918   0.02389         0  0.008983   0.07206        29       800    0.5239    0.7088    0.6922    0.3274   0.03626   0.02871         0
   110/249     1.41G   0.03912   0.02415         0  0.009028    0.0723        19       800    0.5247    0.7091    0.6923    0.3275   0.03625    0.0287         0
   111/249     1.41G   0.03929   0.02398         0  0.008885   0.07215         5       800    0.5251    0.7092    0.6927    0.3276   0.03624    0.0287         0
   112/249     1.41G   0.03879   0.02377         0  0.008892   0.07145         7       800    0.5261    0.7093     0.693    0.3278   0.03623    0.0287         0
   113/249     1.41G   0.03899   0.02367         0  0.008904   0.07156        15       800    0.5265    0.7091    0.6928    0.3277   0.03623   0.02869         0
   114/249     1.41G   0.03891   0.02359         0  0.008815   0.07132        24       800     0.527    0.7088    0.6928    0.3277   0.03622   0.02868         0
   115/249     1.41G   0.03926   0.02444         0  0.008882   0.07258        23       800    0.5278    0.7088    0.6931    0.3279   0.03622   0.02868         0
   116/249     1.41G    0.0389   0.02409         0  0.008764   0.07175        15       800    0.5284    0.7085    0.6931    0.3279   0.03621   0.02867         0
   117/249     1.41G   0.03854   0.02371         0  0.008794   0.07104        34       800    0.5288    0.7086    0.6932    0.3278    0.0362   0.02866         0
   118/249     1.41G   0.03862   0.02364         0  0.008891   0.07115        11       800    0.5297    0.7086    0.6933    0.3279    0.0362   0.02866         0
   119/249     1.41G   0.03855   0.02353         0  0.008744   0.07082        17       800    0.5309    0.7086    0.6933     0.328   0.03619   0.02865         0
   120/249     1.41G   0.03903   0.02448         0  0.008752   0.07226        18       800     0.531    0.7087    0.6932    0.3281   0.03618   0.02865         0
   121/249     1.41G    0.0388   0.02387         0   0.00888   0.07155        18       800    0.5319    0.7085    0.6934    0.3282   0.03617   0.02864         0
   122/249     1.41G   0.03866   0.02318         0  0.008829   0.07067        15       800    0.5329    0.7087    0.6935    0.3281   0.03617   0.02863         0
   123/249     1.41G   0.03839   0.02371         0  0.008732   0.07084        12       800    0.5339    0.7088    0.6938    0.3281   0.03616   0.02863         0
   124/249     1.41G   0.03867   0.02357         0  0.008745   0.07098        20       800    0.5347    0.7088    0.6937    0.3282   0.03616   0.02862         0
   125/249     1.41G   0.03882   0.02408         0  0.008742   0.07164        22       800    0.5351    0.7089    0.6941    0.3281   0.03615   0.02862         0
   126/249     1.41G   0.03855   0.02397         0  0.008754   0.07127        60       800    0.5363    0.7088    0.6943    0.3281   0.03614   0.02861         0
   127/249     1.41G   0.03823   0.02349         0  0.008577    0.0703        25       800    0.5366    0.7085    0.6941    0.3284   0.03614   0.02861         0
   128/249     1.41G   0.03848   0.02346         0  0.008658   0.07059        17       800    0.5365    0.7085    0.6942    0.3284   0.03613    0.0286         0
   129/249     1.41G   0.03865   0.02401         0  0.008671   0.07133         3       800    0.5368    0.7088    0.6944    0.3284   0.03613    0.0286         0
   130/249     1.41G   0.03867   0.02393         0  0.008724   0.07132         5       800    0.5371    0.7089    0.6946    0.3286   0.03612   0.02859         0
   131/249     1.41G    0.0384   0.02338         0  0.008653   0.07043         6       800    0.5377    0.7087    0.6946    0.3285   0.03611   0.02859         0
   132/249     1.41G   0.03837   0.02356         0  0.008632   0.07056        17       800    0.5382    0.7085    0.6945    0.3287   0.03611   0.02858         0
   133/249     1.41G   0.03847   0.02361         0  0.008681   0.07076         9       800    0.5394    0.7087    0.6949    0.3287    0.0361   0.02858         0
   134/249     1.41G   0.03829   0.02351         0  0.008587   0.07039         3       800    0.5402    0.7087    0.6948    0.3287   0.03609   0.02857         0
   135/249     1.41G   0.03805    0.0236         0  0.008617   0.07026        39       800    0.5413    0.7087     0.695    0.3288   0.03609   0.02856         0
   136/249     1.41G   0.03816   0.02317         0  0.008652   0.06998        20       800    0.5427    0.7084    0.6949    0.3289   0.03608   0.02856         0
   137/249     1.41G   0.03846   0.02381         0  0.008647   0.07092       146       800     0.543    0.7086    0.6952    0.3291   0.03607   0.02855         0
   138/249     1.41G   0.03817    0.0231         0  0.008543   0.06981        15       800    0.5443    0.7086    0.6953    0.3292   0.03607   0.02855         0
   139/249     1.41G   0.03842   0.02341         0  0.008689   0.07052        18       800    0.5445    0.7091    0.6957    0.3294   0.03606   0.02855         0
   140/249     1.41G   0.03838   0.02353         0  0.008505   0.07042         8       800    0.5446    0.7086    0.6954    0.3292   0.03606   0.02854         0
   141/249     1.41G   0.03807   0.02334         0  0.008468   0.06987        21       800    0.5455    0.7086    0.6956    0.3294   0.03605   0.02854         0
   142/249     1.41G   0.03833   0.02372         0  0.008494   0.07054       178       800     0.546    0.7087    0.6958    0.3295   0.03604   0.02853         0
   143/249     1.41G   0.03811   0.02358         0  0.008528   0.07021        32       800    0.5472    0.7087    0.6963    0.3297   0.03603   0.02853         0
   144/249     1.41G   0.03812   0.02387         0  0.008517   0.07051        18       800     0.548    0.7093    0.6965    0.3297   0.03602   0.02853         0
   145/249     1.41G    0.0381   0.02329         0  0.008432   0.06982        47       800    0.5493    0.7092    0.6966    0.3299   0.03601   0.02852         0
   146/249     1.41G   0.03772   0.02304         0   0.00836   0.06911        13       800    0.5501    0.7092    0.6968      0.33   0.03601   0.02851         0
   147/249     1.41G   0.03786   0.02368         0  0.008366    0.0699       157       800    0.5504    0.7091    0.6966      0.33     0.036   0.02851         0
   148/249     1.41G   0.03771   0.02299         0  0.008327   0.06902        24       800    0.5511     0.709    0.6967      0.33   0.03599    0.0285         0
   149/249     1.41G   0.03775   0.02343         0  0.008409   0.06959        36       800    0.5521    0.7091     0.697    0.3301   0.03599    0.0285         0
   150/249     1.41G   0.03793   0.02358         0  0.008414   0.06992        28       800    0.5531    0.7089     0.697    0.3302   0.03598   0.02849         0
   151/249     1.41G   0.03803    0.0231         0  0.008407   0.06953         3       800    0.5541     0.709    0.6973    0.3304   0.03597   0.02848         0
   152/249     1.41G   0.03791     0.023         0  0.008334   0.06925        15       800    0.5551    0.7089    0.6975    0.3304   0.03596   0.02848         0
   153/249     1.41G   0.03768   0.02309         0  0.008378   0.06915         5       800    0.5552     0.709    0.6977    0.3305   0.03596   0.02848         0
   154/249     1.41G   0.03766   0.02308         0  0.008294   0.06903        15       800    0.5568    0.7088    0.6978    0.3306   0.03595   0.02847         0
   155/249     1.41G   0.03738    0.0233         0  0.008252   0.06894        29       800    0.5579     0.709     0.698    0.3308   0.03594   0.02847         0
   156/249     1.41G   0.03763    0.0235         0  0.008395   0.06953        26       800    0.5589    0.7092    0.6982    0.3309   0.03594   0.02846         0
   157/249     1.41G    0.0375   0.02289         0  0.008322   0.06872        11       800    0.5588    0.7093    0.6985    0.3309   0.03593   0.02846         0
   158/249     1.41G   0.03751   0.02298         0  0.008246   0.06873        15       800    0.5596    0.7089    0.6984    0.3308   0.03593   0.02846         0
   159/249     1.41G   0.03767   0.02336         0  0.008303   0.06934        18       800    0.5609    0.7089    0.6986    0.3311   0.03592   0.02845         0
   160/249     1.41G    0.0375   0.02347         0  0.008178   0.06915        26       800    0.5614    0.7093    0.6991    0.3311   0.03591   0.02845         0
   161/249     1.41G   0.03756   0.02323         0  0.008312   0.06911        44       800    0.5616    0.7089     0.699    0.3312   0.03591   0.02844         0
   162/249     1.41G   0.03743   0.02334         0  0.008168   0.06894        19       800    0.5618    0.7088    0.6989    0.3312    0.0359   0.02844         0
   163/249     1.41G   0.03756   0.02343         0  0.008309   0.06929        18       800    0.5628    0.7088    0.6991    0.3313   0.03589   0.02843         0
   164/249     1.41G   0.03756   0.02318         0  0.008193   0.06894        42       800    0.5637    0.7088    0.6991    0.3315   0.03588   0.02843         0
   165/249     1.41G   0.03723   0.02308         0  0.008203   0.06852         2       800    0.5645    0.7088    0.6992    0.3317   0.03588   0.02842         0
   166/249     1.41G   0.03753   0.02341         0  0.008165   0.06911        16       800    0.5653    0.7093    0.6996    0.3318   0.03587   0.02842         0
   167/249     1.41G   0.03709   0.02277         0  0.008133     0.068        74       800    0.5664    0.7093    0.6997    0.3319   0.03586   0.02841         0
   168/249     1.41G   0.03746   0.02336         0  0.008198   0.06901        29       800    0.5671    0.7089    0.6995    0.3321   0.03585   0.02841         0
   169/249     1.41G   0.03721   0.02324         0  0.008085   0.06854        18       800    0.5672    0.7084    0.6992    0.3321   0.03585   0.02841         0
   170/249     1.41G   0.03753   0.02353         0  0.008102   0.06916        40       800    0.5684    0.7088    0.6996    0.3322   0.03584   0.02841         0
   171/249     1.41G   0.03722   0.02341         0  0.008156   0.06879        18       800    0.5695    0.7087    0.6995    0.3322   0.03584    0.0284         0
   172/249     1.41G   0.03737   0.02293         0  0.008154   0.06846        15       800    0.5701    0.7089    0.6998    0.3325   0.03583    0.0284         0
   173/249     1.41G   0.03701   0.02261         0  0.008129   0.06775        20       800    0.5707    0.7088    0.6997    0.3325   0.03582    0.0284         0
   174/249     1.41G    0.0373   0.02346         0  0.008074   0.06884        30       800    0.5715     0.709    0.7001    0.3327   0.03581   0.02839         0
   175/249     1.41G   0.03699   0.02298         0  0.008049   0.06802        18       800     0.572     0.709    0.7002    0.3328    0.0358   0.02839         0
   176/249     1.41G   0.03745   0.02321         0  0.008135    0.0688        29       800    0.5733    0.7089    0.7002     0.333   0.03579   0.02839         0
   177/249     1.41G    0.0372   0.02277         0  0.008045   0.06802        26       800    0.5746    0.7088    0.7004    0.3332   0.03579   0.02839         0
   178/249     1.41G   0.03681   0.02271         0  0.007987    0.0675        42       800    0.5757    0.7086    0.7007    0.3333   0.03578   0.02838         0
   179/249     1.41G   0.03693   0.02307         0  0.008098   0.06809        15       800    0.5764    0.7086    0.7008    0.3334   0.03577   0.02838         0
   180/249     1.41G   0.03706   0.02275         0  0.008039   0.06785        27       800    0.5769    0.7087    0.7009    0.3335   0.03576   0.02838         0
   181/249     1.41G   0.03677   0.02317         0  0.008033   0.06797        22       800    0.5776    0.7089    0.7012    0.3337   0.03576   0.02837         0
   182/249     1.41G    0.0368   0.02293         0   0.00801   0.06774       279       800     0.579    0.7088    0.7012     0.334   0.03575   0.02837         0
   183/249     1.41G   0.03691   0.02316         0  0.007908   0.06798         2       800    0.5796    0.7086     0.701    0.3342   0.03574   0.02837         0
   184/249     1.41G   0.03717   0.02356         0  0.007985   0.06871        10       800    0.5808    0.7088    0.7016     0.334   0.03574   0.02837         0
   185/249     1.41G   0.03694   0.02283         0  0.007977   0.06774       108       800    0.5816    0.7086    0.7016     0.334   0.03573   0.02837         0
   186/249     1.41G   0.03673   0.02315         0  0.007909   0.06779        29       800     0.582    0.7089    0.7017    0.3341   0.03572   0.02837         0
   187/249     1.41G   0.03653   0.02303         0  0.007937   0.06749        26       800    0.5825    0.7086    0.7017    0.3341   0.03572   0.02836         0
   188/249     1.41G   0.03699   0.02288         0  0.008005   0.06788        14       800    0.5833    0.7089    0.7017    0.3342   0.03571   0.02836         0
   189/249     1.41G   0.03673   0.02275         0  0.007949   0.06742        37       800    0.5836    0.7095    0.7023    0.3346    0.0357   0.02836         0
   190/249     1.41G   0.03674   0.02256         0  0.008017   0.06732        17       800     0.584    0.7092    0.7023    0.3346    0.0357   0.02836         0
   191/249     1.41G   0.03666   0.02288         0  0.007948   0.06749        15       800    0.5844     0.709    0.7022    0.3346   0.03569   0.02836         0
   192/249     1.41G   0.03681   0.02291         0  0.008039   0.06776        15       800    0.5854    0.7089    0.7022    0.3346   0.03569   0.02836         0
   193/249     1.41G   0.03651   0.02228         0  0.007919   0.06671        15       800    0.5862    0.7089    0.7022    0.3347   0.03568   0.02836         0
   194/249     1.41G   0.03681   0.02288         0   0.00793   0.06762        14       800     0.586    0.7088    0.7021    0.3348   0.03567   0.02836         0
   195/249     1.41G   0.03655   0.02287         0  0.007857   0.06728        24       800    0.5863    0.7088    0.7022    0.3349   0.03566   0.02835         0
   196/249     1.41G   0.03652   0.02306         0  0.007863   0.06744        15       800     0.587    0.7089    0.7024    0.3354   0.03566   0.02835         0
   197/249     1.41G   0.03656   0.02304         0  0.007846   0.06745        26       800    0.5877    0.7088    0.7025    0.3352   0.03565   0.02835         0
   198/249     1.41G   0.03643   0.02242         0  0.007823   0.06667        19       800    0.5885    0.7089    0.7028    0.3354   0.03564   0.02835         0
   199/249     1.41G   0.03642   0.02276         0  0.007825     0.067         5       800    0.5888    0.7088    0.7027    0.3354   0.03564   0.02835         0
   200/249     1.41G    0.0364   0.02266         0  0.007858   0.06692        22       800    0.5895    0.7086    0.7031    0.3358   0.03563   0.02835         0
   201/249     1.41G   0.03658   0.02282         0  0.007769   0.06717        15       800    0.5896    0.7091    0.7033    0.3356   0.03563   0.02835         0
   202/249     1.41G   0.03671   0.02288         0  0.007815    0.0674        15       800    0.5899    0.7092    0.7035    0.3357   0.03563   0.02834         0
   203/249     1.41G   0.03649   0.02269         0  0.007815   0.06699        15       800    0.5909    0.7093    0.7037    0.3358   0.03562   0.02835         0
   204/249     1.41G   0.03657    0.0226         0  0.007719   0.06689        18       800    0.5908    0.7092    0.7035    0.3358   0.03562   0.02834         0
   205/249     1.41G   0.03615    0.0229         0  0.007865   0.06691        15       800    0.5912    0.7093    0.7038    0.3359   0.03561   0.02834         0
   206/249     1.41G   0.03633   0.02231         0  0.007786   0.06642        15       800     0.592    0.7093     0.704    0.3361   0.03561   0.02834         0
   207/249     1.41G   0.03633   0.02323         0  0.007774   0.06733        22       800    0.5926    0.7094    0.7042    0.3361   0.03561   0.02834         0
   208/249     1.41G    0.0366   0.02314         0  0.007783   0.06753        27       800    0.5936    0.7095    0.7044    0.3364    0.0356   0.02834         0
   209/249     1.41G   0.03622   0.02306         0  0.007701   0.06699        55       800     0.594    0.7096    0.7046    0.3366    0.0356   0.02834         0
   210/249     1.41G   0.03639   0.02258         0  0.007727   0.06669        21       800    0.5946    0.7096    0.7046    0.3365   0.03559   0.02834         0
   211/249     1.41G   0.03643   0.02261         0  0.007759    0.0668         6       800    0.5951    0.7095    0.7047    0.3368   0.03559   0.02833         0
   212/249     1.41G   0.03625   0.02298         0  0.007727   0.06695        23       800    0.5954    0.7095    0.7049    0.3369   0.03559   0.02833         0
   213/249     1.41G    0.0362   0.02265         0  0.007733   0.06657        36       800    0.5962    0.7097    0.7051    0.3368   0.03558   0.02834         0
   214/249     1.41G   0.03605   0.02229         0  0.007713   0.06605        18       800    0.5961    0.7099    0.7052    0.3369   0.03558   0.02833         0
   215/249     1.41G   0.03603   0.02252         0  0.007761   0.06631        32       800    0.5961    0.7096    0.7051     0.337   0.03557   0.02833         0
   216/249     1.41G   0.03599   0.02183         0  0.007624   0.06545        15       800    0.5964    0.7096    0.7054     0.337   0.03557   0.02833         0
   217/249     1.41G   0.03609   0.02265         0  0.007719   0.06645        19       800    0.5968    0.7095    0.7053     0.337   0.03556   0.02833         0
   218/249     1.41G   0.03604   0.02301         0  0.007722   0.06677        17       800     0.597    0.7097    0.7054    0.3371   0.03556   0.02833         0
   219/249     1.41G   0.03591   0.02272         0  0.007645   0.06628       129       800    0.5969    0.7099    0.7057    0.3371   0.03556   0.02832         0
   220/249     1.41G   0.03581   0.02216         0  0.007677   0.06565        21       800    0.5972    0.7097    0.7055    0.3371   0.03555   0.02833         0
   221/249     1.41G   0.03618   0.02271         0  0.007678   0.06657        67       800     0.597    0.7096    0.7053    0.3372   0.03555   0.02832         0
   222/249     1.41G   0.03582   0.02231         0  0.007682   0.06581        13       800    0.5971    0.7092     0.705    0.3372   0.03554   0.02832         0
   223/249     1.41G   0.03577   0.02248         0  0.007672   0.06593        18       800    0.5973    0.7093    0.7049    0.3373   0.03554   0.02832         0
   224/249     1.41G   0.03609   0.02248         0  0.007629   0.06621        16       800    0.5982    0.7095    0.7052    0.3374   0.03553   0.02832         0
   225/249     1.41G   0.03614   0.02228         0  0.007675    0.0661        14       800    0.5986    0.7093    0.7052    0.3374   0.03553   0.02832         0
   226/249     1.41G   0.03614   0.02302         0  0.007677   0.06683        12       800    0.5988    0.7093    0.7053    0.3375   0.03553   0.02832         0
   227/249     1.41G   0.03607   0.02323         0   0.00765   0.06695       244       800    0.5987    0.7097    0.7055    0.3375   0.03552   0.02831         0
   228/249     1.41G   0.03566   0.02241         0  0.007543   0.06561        74       800    0.5984    0.7096    0.7052    0.3373   0.03552   0.02831         0
   229/249     1.41G   0.03542   0.02161         0   0.00757   0.06461        15       800    0.5982    0.7095    0.7053    0.3375   0.03552   0.02831         0
   230/249     1.41G   0.03575   0.02262         0  0.007687   0.06606        40       800    0.5988    0.7099    0.7054    0.3375   0.03552   0.02831         0
   231/249     1.41G    0.0359   0.02218         0  0.007712   0.06579         7       800    0.5988    0.7098    0.7055    0.3375   0.03552   0.02831         0
   232/249     1.41G   0.03582   0.02267         0  0.007586   0.06608        18       800     0.599      0.71    0.7056    0.3375   0.03551   0.02831         0
   233/249     1.41G   0.03595   0.02204         0  0.007569   0.06556        21       800    0.5992    0.7101    0.7059    0.3377   0.03551   0.02831         0
   234/249     1.41G   0.03586   0.02197         0  0.007573    0.0654        17       800    0.5991    0.7102     0.706    0.3376   0.03551   0.02831         0
   235/249     1.41G   0.03591   0.02276         0  0.007611   0.06629        21       800    0.5986    0.7098    0.7057    0.3376   0.03551   0.02831         0
   236/249     1.41G   0.03574   0.02227         0   0.00762   0.06563        14       800    0.5982    0.7101    0.7058    0.3375   0.03551   0.02831         0
   237/249     1.41G   0.03545   0.02216         0  0.007576   0.06518        18       800    0.5986    0.7103    0.7059    0.3377   0.03551   0.02831         0
   238/249     1.41G   0.03577   0.02212         0  0.007586   0.06547        15       800    0.5989    0.7105    0.7061    0.3376   0.03551   0.02831         0
   239/249     1.41G   0.03591   0.02274         0  0.007653   0.06631        17       800    0.5993    0.7107    0.7062    0.3378    0.0355   0.02831         0
   240/249     1.41G   0.03558   0.02233         0  0.007641   0.06555         2       800    0.5991    0.7107    0.7064    0.3378    0.0355    0.0283         0
   241/249     1.41G   0.03573   0.02209         0   0.00753   0.06536         4       800    0.5991    0.7111    0.7068    0.3378    0.0355    0.0283         0
   242/249     1.41G   0.03566    0.0224         0  0.007557   0.06562        22       800    0.5993    0.7111    0.7069    0.3378    0.0355    0.0283         0
   243/249     1.41G   0.03566   0.02248         0  0.007614   0.06575        28       800    0.5994     0.711    0.7068     0.338   0.03549    0.0283         0
   244/249     1.41G   0.03576   0.02223         0  0.007516   0.06551        32       800    0.5993    0.7111    0.7069    0.3381   0.03549    0.0283         0
   245/249     1.41G   0.03551   0.02238         0  0.007544   0.06543        24       800     0.599    0.7115     0.707    0.3381   0.03549    0.0283         0
   246/249     1.41G   0.03576   0.02243         0  0.007625   0.06581        18       800    0.5987    0.7114    0.7073     0.338   0.03548    0.0283         0
   247/249     1.41G   0.03524   0.02154         0  0.007567   0.06435        43       800    0.5996    0.7115    0.7075    0.3382   0.03548   0.02829         0
   248/249     1.41G   0.03595    0.0225         0  0.007587   0.06603        18       800    0.5994    0.7115    0.7072    0.3382   0.03548   0.02829         0
   249/249     1.41G   0.03612   0.02251         0  0.007549   0.06618        18       800    0.5993    0.7116    0.7072    0.3383   0.03548   0.02829         0
